205124001
205124002
205124003
205124004
205124005
205124006
205124007
205124008
205124009
205124010
205124011
205124012
205124013
205124014
205124015
205124016
205124017
205124018
205124019
205124020
205124021
205124022
205124023
205124024
205124025
205124026
205124027
205124028
205124029
205124030
205124031
205124032
205124033
205124034
205124035
205124036
205124037
205124038
205124039
205124040
205124041
205124042
205124043
205124044
205124045
205124046
205124047
205124048
205124049
205124050
205124051
205124052
205124053
205124054
205124055
205124056
205124057
205124058
205124059
205124060
205124061
205124062
205124063
205124064
205124065
205124066
205124067
205124068
205124069
205124070
205124071
205124072
205124073
205124074
205124075
205124076
205124077
205124078
205124079
205124080
205124081
205124082
205124083
205124084
205124085
205124086
205124087
205124088
205124089
205124090
205124091
205124092
205124093
205124094
205124095
205124096
205124097
205124098
205124099
205124100
205124101
205124102
205124103
205124104
205124105
205124106
205124107
205124108
205124109
205124110
205124111
205124112
205124113
205124114
205124001
205124002
205124003
205124004
205124005
205124006
205124007
205124008
205124009
205124010
205124011
205124012
205124013
205124014
205124015
205124016
205124017
205124018
205124019
205124020
205124021
205124022
205124023
205124024
205124025
205124026
205124027
205124028
205124029
205124030
205124031
205124032
205124033
205124034
205124035
205124036
205124037
205124038
205124039
205124040
205124041
205124042
205124043
205124044
205124045
205124046
205124047
205124048
205124049
205124050
205124051
205124052
205124053
205124054
205124055
205124056
205124057
205124058
205124059
205124060
205124061
205124062
205124063
205124064
205124065
205124066
205124067
205124068
205124069
205124070
205124071
205124072
205124073
205124074
205124075
205124076
205124077
205124078
205124079
205124080
205124081
205124082
205124083
205124084
205124085
205124086
205124087
205124088
205124089
205124090
205124091
205124092
205124093
205124094
205124095
205124096
205124097
205124098
205124099
205124100
205124101
205124102
205124103
205124104
205124105
205124106
205124107
205124108
205124109
205124110
205124111
205124112
205124113
205124114
205124001
205124002
205124003
205124004
205124005
205124006
205124007
205124008
205124009
205124010
205124011
205124012
205124013
205124014
205124015
205124016
205124017
205124018
205124019
205124020
205124021
205124022
205124023
205124024
205124025
205124026
205124027
205124028
205124029
205124030
205124031
205124032
205124033
205124034
205124035
205124036
205124037
205124038
205124039
205124040
205124041
205124042
205124043
205124044
205124045
205124046
205124047
205124048
205124049
205124050
205124051
205124052
205124053
205124054
205124055
205124056
205124057
205124058
205124059
205124060
205124061
205124062
205124063
205124064
205124065
205124066
205124067
205124068
205124069
205124070
205124071
205124072
205124073
205124074
205124075
205124076
205124077
205124078
205124079
205124080
205124081
205124082
205124083
205124084
205124085
205124086
205124087
205124088
205124089
205124090
205124091
205124092
205124093
205124094
205124095
205124096
205124097
205124098
205124099
205124100
205124101
205124102
205124103
205124104
205124105
205124106
205124107
205124108
205124109
205124110
205124111
205124112
205124113
205124114
